0.0061对应的10次迭代的结果集合

i =

     1


TPR =

    0.7000


FPR =

    0.3000


T =

    0.3900


i =

     2


TPR =

    0.6857


FPR =

    0.2857


T =

    0.3900


i =

     3


TPR =

    0.7143


FPR =

    0.3000


T =

    0.4100


i =

     4


TPR =

    0.7571


FPR =

    0.3143


T =

    0.5800


i =

     5


TPR =

    0.7571


FPR =

    0.3143


T =

    0.5800


i =

     6


TPR =

    0.8143


FPR =

    0.3571


T =

    0.6700


i =

     7


TPR =

    0.7429


FPR =

    0.2714


T =

    0.4200


i =

     8


TPR =

    0.7714


FPR =

    0.3571


T =

    0.5300


i =

     9


TPR =

    0.7857


FPR =

    0.3571


T =

    0.5400


i =

    10


TPR =

    0.7857


FPR =

    0.3286


T =

    0.4800


i =

    11